#!/usr/local/bin/zsh

cat << EOF

Week Su  Mo  Tu  We  Th  Fr  Sa
 #1       Jan21  22  23  24  25
 #2  26  27  28  29  30  31 Feb1
 #3   2   3   4   5   6   7   8
 #4   9  10  11  12  13  14  15
 #5  16  17  18  19  20  21  22
 #6  23  24  25  26  27  28  29
 #7 Mar1  2   3   4   5   6   7
 #8   8   9  10  11  12  13  14
 #9  15  16  17  18  19  20  21
#10  22  23  24  25  26  27  28
SpBk 29  30  31 Apr1  2   3   4
#11   5   6   7   8   9  10  11
#12  12  13  14  15  16  17  18
#13  19  20  21  22  23  24  25
#14  26  27  28  29  30 May1  2
#15   3   4   5   6   7   8   9
FNL  10  11  12  13  14  15

EOF
